0, -150.00
1, -150.00
2, -150.00
3, -150.00
4, -150.00
5, -150.00
6, -150.00
7, -150.00
8, -150.00
9, -150.00
10, -150.00
11, -150.00
12, -150.00
13, -150.00
14, -150.00
15, -150.00
16, -150.00
17, -150.00
18, -150.00
19, -150.00
20, -150.00
21, -150.00
22, -150.00
23, -150.00
24, -150.00
25, -150.00
26, -150.00
27, -150.00
28, -150.00
29, -150.00
30, -150.00
31, -150.00
32, -150.00
33, -150.00
34, -150.00
35, -150.00
36, -150.00
37, -150.00
38, -150.00
39, -150.00
40, -150.00
41, -150.00
42, -150.00
43, -150.00
44, -150.00
45, -150.00
46, -150.00
47, -150.00
48, -150.00
49, -150.00
50, -150.00
51, -150.00
52, -150.00
53, -150.00
54, -150.00
55, -150.00
56, -150.00
57, -150.00
58, -150.00
59, -150.00
60, -150.00
61, -150.00
62, -150.00
63, -150.00
64, -150.00
65, -150.00
66, -150.00
67, -150.00
68, -150.00
69, -150.00
70, -150.00
71, -150.00
72, -150.00
73, -150.00
74, -150.00
75, -150.00
76, -150.00
77, -150.00
78, -150.00
79, -150.00
80, -150.00
81, -150.00
82, -150.00
83, -150.00
84, -150.00
85, -150.00
86, -150.00
87, -150.00
88, -150.00
89, -150.00
90, -150.00
91, -150.00
92, -150.00
93, -150.00
94, -150.00
95, -150.00
96, -150.00
97, -150.00
98, -150.00
99, -150.00
100, -150.00
101, -150.00
102, -150.00
103, -150.00
104, -150.00
105, -150.00
106, -150.00
107, -150.00
108, -150.00
109, -150.00
110, -150.00
111, -150.00
112, -150.00
113, -150.00
114, -150.00
115, -150.00
116, -150.00
117, -150.00
118, -150.00
119, -150.00
120, -150.00
121, -150.00
122, -150.00
123, -150.00
124, -150.00
125, -150.00
126, -150.00
127, -150.00
128, -150.00
129, -150.00
130, -150.00
131, -149.95
132, -149.53
133, -149.13
134, -148.72
135, -148.32
136, -147.91
137, -147.48
138, -147.03
139, -146.65
140, -146.27
141, -145.89
142, -145.48
143, -145.00
144, -144.67
145, -144.23
146, -143.82
147, -143.42
148, -142.99
149, -142.57
150, -142.18
151, -141.77
152, -141.37
153, -140.96
154, -140.59
155, -140.16
156, -139.78
157, -139.36
158, -138.97
159, -138.54
160, -138.13
161, -137.72
162, -137.31
163, -136.92
164, -136.52
165, -136.09
166, -135.70
167, -135.31
168, -134.91
169, -134.47
170, -134.08
171, -133.66
172, -133.25
173, -132.85
174, -132.44
175, -132.05
176, -131.64
177, -131.22
178, -130.81
179, -130.41
180, -129.96
181, -129.59
182, -129.21
183, -128.80
184, -128.36
185, -127.97
186, -127.55
187, -127.11
188, -126.76
189, -126.36
190, -125.95
191, -125.55
192, -125.11
193, -124.71
194, -124.33
195, -123.92
196, -123.48
197, -123.10
198, -122.70
199, -122.27
200, -121.87
201, -121.48
202, -121.05
203, -120.67
204, -120.25
205, -119.81
206, -119.20
207, -118.57
208, -117.97
209, -117.37
210, -116.76
211, -116.14
212, -115.54
213, -114.90
214, -114.27
215, -113.70
216, -113.09
217, -112.35
218, -111.83
219, -111.05
220, -110.57
221, -109.94
222, -109.33
223, -108.73
224, -108.12
225, -107.59
226, -106.96
227, -106.33
228, -105.77
229, -105.11
230, -104.55
231, -103.93
232, -103.32
233, -102.70
234, -102.07
235, -101.46
236, -100.88
237, -100.27
238, -99.60
239, -99.04
240, -98.40
241, -97.78
242, -97.21
243, -96.45
244, -95.61
245, -94.83
246, -94.01
247, -93.20
248, -92.32
249, -91.58
250, -90.74
251, -89.95
252, -89.12
253, -88.26
254, -87.50
255, -86.64
256, -85.82
257, -85.04
258, -84.23
259, -83.43
260, -82.60
261, -81.79
262, -80.96
263, -80.11
264, -79.36
265, -78.51
266, -77.68
267, -76.91
268, -76.11
269, -75.26
270, -74.48
271, -73.66
272, -72.86
273, -72.04
274, -71.22
275, -70.40
276, -69.59
277, -68.55
278, -67.54
279, -66.57
280, -65.57
281, -64.56
282, -63.56
283, -62.65
284, -61.74
285, -60.83
286, -59.87
287, -58.85
288, -57.84
289, -56.82
290, -55.78
291, -54.73
292, -53.77
293, -52.75
294, -51.73
295, -50.71
296, -49.70
297, -48.68
298, -47.58
299, -46.62
300, -45.51
301, -44.39
302, -43.27
303, -42.16
304, -41.04
305, -39.35
306, -38.54
307, -37.69
308, -36.52
309, -35.46
310, -34.33
311, -33.21
312, -31.96
313, -30.78
314, -29.67
315, -28.46
316, -27.26
317, -26.03
318, -24.81
319, -23.52
320, -22.32
321, -21.14
322, -19.87
323, -18.61
324, -17.33
325, -16.03
326, -14.74
327, -13.43
328, -12.18
329, -10.87
330, -9.51
331, -8.18
332, -6.87
333, -5.53
334, -4.05
335, -2.80
336, -1.45
337, -0.05
338, 1.31
339, 2.69
340, 4.10
341, 5.53
342, 6.90
343, 8.33
344, 9.79
345, 11.22
346, 12.66
347, 14.13
348, 15.60
349, 17.05
350, 18.54
351, 20.01
352, 21.48
353, 23.03
354, 24.53
355, 26.11
356, 27.57
357, 29.11
358, 30.66
359, 32.21
360, 33.70
361, 35.25
362, 36.89
363, 38.46
364, 40.13
365, 41.73
366, 43.36
367, 44.99
368, 46.61
369, 48.36
370, 49.86
371, 51.48
372, 53.12
373, 54.74
374, 56.53
375, 58.15
376, 59.96
377, 61.59
378, 63.31
379, 64.99
380, 66.73
381, 68.57
382, 70.41
383, 72.27
384, 74.05
385, 75.90
386, 77.75
387, 79.55
388, 81.40
389, 83.23
390, 85.16
391, 86.98
392, 88.71
393, 90.54
394, 92.38
395, 94.21
396, 96.03
397, 97.91
398, 99.77
399, 101.71
400, 103.75
401, 105.79
402, 107.81
403, 109.85
404, 111.92
405, 114.00
406, 116.01
407, 118.03
408, 120.05
409, 122.09
410, 124.11
411, 126.27
412, 128.30
413, 130.22
414, 132.22
415, 134.27
416, 136.33
417, 138.32
418, 140.40
419, 142.46
420, 144.44
421, 146.48
422, 148.51
423, 150.54
424, 152.62
425, 154.63
426, 156.72
427, 159.05
428, 161.45
429, 163.87
430, 166.37
431, 168.78
432, 171.25
433, 173.76
434, 176.10
435, 178.53
436, 181.02
437, 183.43
438, 185.86
439, 188.39
440, 190.87
441, 193.18
442, 195.62
443, 198.06
444, 200.50
445, 202.95
446, 205.43
447, 207.90
448, 210.29
449, 212.71
450, 215.15
451, 217.60
452, 220.03
453, 222.52
454, 225.27
455, 227.37
456, 229.81
457, 232.28
458, 234.72
459, 237.15
460, 239.65
461, 242.13
462, 244.45
463, 246.89
464, 249.46
465, 252.30
466, 255.14
467, 257.76
468, 260.28
469, 262.71
470, 265.04
471, 267.54
472, 270.02
473, 272.40
474, 274.82
475, 277.30
476, 279.84
477, 282.16
478, 284.58
479, 287.08
480, 289.56
481, 291.93
482, 294.40
483, 297.33
484, 300.46
485, 303.75
486, 306.99
487, 310.26
488, 313.50
489, 316.84
490, 320.13
491, 323.35
492, 326.57
493, 329.87
494, 333.05
495, 336.29
496, 339.68
497, 342.94
498, 346.07
499, 349.39
500, 352.58
501, 355.90
502, 359.38
503, 363.01
504, 365.74
505, 368.85
506, 372.15
507, 375.38
508, 378.65
509, 381.91
510, 385.24
511, 388.60
512, 391.67
513, 395.01
514, 398.17
515, 401.41
516, 404.68
517, 408.00
518, 411.44
519, 414.61
520, 417.73
521, 420.96
522, 424.22
523, 427.44
524, 430.79
525, 434.13
526, 437.29
527, 440.49
528, 443.73
529, 446.98
530, 450.27
531, 453.51
532, 456.79
533, 460.18
534, 463.28
535, 466.64
536, 469.77
537, 473.09
538, 476.38
539, 479.57
540, 483.00
541, 486.30
542, 489.58
543, 492.76
544, 495.89
545, 499.15
546, 502.40
547, 505.95
548, 508.89
549, 512.16
550, 515.41
551, 518.65
552, 521.93
553, 525.20
554, 528.57
555, 531.76
556, 534.94
557, 538.20
558, 541.46
559, 544.78
560, 548.02
561, 551.33
562, 554.58
563, 557.79
564, 561.02
565, 564.24
566, 567.68
567, 570.83
568, 574.10
569, 577.29
570, 580.54
571, 583.76
572, 587.08
573, 590.27
574, 593.53
575, 596.84
576, 600.02
577, 603.29
578, 606.60
579, 609.77
580, 613.07
581, 616.42
582, 619.62
583, 622.94
584, 626.09
585, 629.32
586, 632.64
587, 635.88
588, 639.12
589, 642.38
590, 645.67
591, 648.84
592, 652.11
593, 655.38
594, 658.65
595, 661.99
596, 666.90
597, 671.88
598, 676.59
599, 681.62
600, 686.40
601, 691.29
602, 696.14
603, 701.03
604, 706.02
605, 710.93
606, 715.64
607, 720.54
608, 725.54
609, 730.31
610, 735.18
611, 740.30
612, 745.15
613, 749.85
614, 754.71
615, 759.62
616, 764.51
617, 769.40
618, 774.36
619, 779.30
620, 784.10
621, 788.91
622, 793.81
623, 798.74
624, 803.57
625, 808.52
626, 813.43
627, 818.27
628, 823.11
629, 827.99
630, 833.22
631, 837.80
632, 842.74
633, 847.64
634, 852.44
635, 857.40
636, 862.20
637, 868.23
638, 872.17
639, 877.03
640, 881.93
641, 886.63
642, 891.87
643, 896.39
644, 901.30
645, 906.97
646, 911.22
647, 916.40
648, 921.24
649, 925.73
650, 930.99
651, 935.59
652, 940.45
653, 945.31
654, 950.27
655, 955.39
656, 959.93
657, 964.83
658, 969.71
659, 974.57
660, 979.48
661, 984.40
662, 989.50
663, 994.10
664, 998.97
665, 1004.02
666, 1008.74
667, 1013.66
668, 1018.53
669, 1023.58
670, 1027.51
671, 1033.92
672, 1040.11
673, 1046.61
674, 1053.41
675, 1059.67
676, 1066.25
677, 1072.62
678, 1079.15
679, 1085.64
680, 1092.17
681, 1098.71
682, 1105.19
683, 1112.02
684, 1118.45
685, 1124.69
686, 1131.23
687, 1137.72
688, 1144.32
689, 1150.76
690, 1157.39
691, 1164.10
692, 1170.33
693, 1176.81
694, 1183.33
695, 1189.89
696, 1196.38
697, 1202.97
698, 1209.68
699, 1215.95
700, 1222.39
701, 1228.95
702, 1235.44
703, 1241.93
704, 1248.44
705, 1255.43
706, 1261.92
707, 1268.02
708, 1274.54
709, 1281.03
710, 1287.58
711, 1294.14
712, 1301.05
713, 1307.04
714, 1313.68
715, 1320.18
716, 1326.60
717, 1333.13
718, 1339.77
719, 1346.89
720, 1352.96
721, 1359.09
722, 1365.63
723, 1372.17
724, 1378.71
725, 1385.21
726, 1392.35
727, 1398.87
728, 1404.77
729, 1411.29
730, 1417.86
731, 1424.32
732, 1430.92
733, 1437.99
734, 1444.17
735, 1450.32
736, 1456.84
737, 1463.37
738, 1469.90
739, 1476.46
740, 1483.42
741, 1489.89
742, 1495.90
743, 1502.44
744, 1508.92
745, 1515.51
746, 1521.95
747, 1528.65
748, 1535.55
749, 1541.66
750, 1548.14
751, 1554.86
752, 1561.17
753, 1567.51
754, 1574.15
755, 1580.88
756, 1587.43
757, 1593.59
758, 1600.22
759, 1606.83
760, 1613.19
761, 1619.65
762, 1626.49
763, 1632.99
764, 1639.20
765, 1646.75
766, 1652.32
767, 1658.77
768, 1665.22
769, 1671.90
770, 1678.57
771, 1684.78
772, 1693.32
773, 1698.25
774, 1704.41
775, 1710.92
776, 1728.33
777, 1736.12
778, 1739.74
779, 1743.19
780, 1745.41
781, 1750.39
782, 1756.66
783, 1763.43
784, 1769.50
785, 1776.06
786, 1782.63
787, 1789.12
788, 1795.79
789, 1802.34
790, 1808.75
791, 1815.78
792, 1821.66
793, 1828.30
794, 1834.61
795, 1841.35
796, 1847.84
797, 1854.78
798, 1860.64
799, 1867.16
800, 1873.84
801, 1880.25
802, 1886.81
803, 1893.79
804, 1900.23
805, 1906.32
806, 1913.07
807, 1919.35
808, 1925.81
809, 1932.75
810, 1939.36
811, 1945.52
812, 1952.06
813, 1958.40
814, 1964.99
815, 1971.55
816, 1978.72
817, 1984.63
818, 1991.01
819, 1997.40
820, 2003.89
821, 2010.49
822, 2016.93
823, 2023.71
824, 2031.78
825, 2041.37
826, 2049.83
827, 2056.72
828, 2062.90
829, 2069.38
830, 2076.04
831, 2082.61
832, 2088.87
833, 2095.40
834, 2101.90
835, 2108.45
836, 2114.98
837, 2121.76
838, 2128.26
839, 2134.66
840, 2141.17
841, 2147.47
842, 2154.02
843, 2160.53
844, 2167.05
845, 2173.61
846, 2180.25
847, 2186.55
848, 2193.05
849, 2199.60
850, 2206.13
851, 2212.70
852, 2219.23
853, 2225.64
854, 2232.18
855, 2238.90
856, 2245.29
857, 2251.75
858, 2258.20
859, 2265.27
860, 2271.90
861, 2277.85
862, 2284.27
863, 2291.02
864, 2297.55
865, 2303.86
866, 2310.85
867, 2317.03
868, 2323.32
869, 2330.02
870, 2336.59
871, 2342.86
872, 2349.78
873, 2356.06
874, 2362.36
875, 2368.91
876, 2375.95
877, 2381.96
878, 2388.49
879, 2395.42
880, 2401.97
881, 2408.34
882, 2414.76
883, 2421.04
884, 2427.86
885, 2434.24
886, 2440.73
887, 2447.37
888, 2453.91
889, 2460.04
890, 2466.59
891, 2473.22
892, 2479.95
893, 2486.29
894, 2492.63
895, 2499.16
896, 2505.65
897, 2512.24
898, 2518.70
899, 2528.34
900, 2542.84
901, 2555.09
902, 2567.36
903, 2580.19
904, 2593.02
905, 2606.03
906, 2619.21
907, 2632.49
908, 2645.98
909, 2658.09
910, 2671.07
911, 2684.16
912, 2697.17
913, 2710.53
914, 2723.68
915, 2736.09
916, 2749.21
917, 2762.24
918, 2775.25
919, 2788.32
920, 2801.89
921, 2814.93
922, 2827.29
923, 2840.33
924, 2853.77
925, 2866.40
926, 2879.59
927, 2892.56
928, 2907.40
929, 2919.11
930, 2931.73
931, 2944.58
932, 2957.93
933, 2971.64
934, 2984.08
935, 2997.72
936, 3010.77
937, 3023.51
938, 3036.02
939, 3050.50
940, 3063.13
941, 3076.39
942, 3090.48
943, 3103.23
944, 3114.78
945, 3128.25
946, 3141.34
947, 3154.13
948, 3168.52
949, 3180.12
950, 3192.05
951, 3205.16
952, 3218.14
953, 3231.38
954, 3244.11
955, 3257.41
956, 3271.19
957, 3283.33
958, 3296.20
959, 3309.37
960, 3322.72
961, 3335.41
962, 3349.21
963, 3361.38
964, 3374.89
965, 3387.31
966, 3400.71
967, 3413.40
968, 3426.61
969, 3439.90
970, 3453.46
971, 3465.49
972, 3478.94
973, 3492.72
974, 3507.98
975, 3518.79
976, 3531.10
977, 3543.92
978, 3556.55
979, 3569.88
980, 3582.94
981, 3596.00
982, 3609.30
983, 3623.60
984, 3635.60
985, 3647.79
986, 3661.20
987, 3674.10
988, 3687.00
989, 3701.01
990, 3713.13
991, 3726.31
992, 3739.34
993, 3752.10
994, 3765.08
995, 3778.89
996, 3792.08
997, 3804.56
998, 3817.63
999, 3831.27
1000, 3843.76
1001, 3856.90
1002, 3869.80
1003, 3882.84
1004, 3895.27
1005, 3908.88
1006, 3921.59
1007, 3934.37
1008, 3947.46
1009, 3960.78
1010, 3974.15
1011, 3986.45
1012, 3999.66
1013, 4012.73
1014, 4025.74
1015, 4040.32
1016, 4052.14
1017, 4064.75
1018, 4077.82
1019, 4091.02
1020, 4103.72
1021, 4117.17
1022, 4130.80
1023, 4143.82
1024, 4155.82
1025, 4168.88
1026, 4181.99
1027, 4195.15
1028, 4207.97
1029, 4220.97
1030, 4234.29
1031, 4246.95
1032, 4259.89
1033, 4272.94
1034, 4285.98
1035, 4299.06
1036, 4312.16
1037, 4325.47
1038, 4338.10
1039, 4351.09
1040, 4364.27
1041, 4377.25
1042, 4390.32
1043, 4403.25
1044, 4417.08
1045, 4429.98
1046, 4442.32
1047, 4455.48
1048, 4468.33
1049, 4481.87
1050, 4494.59
1051, 4507.85
1052, 4521.08
1053, 4533.46
1054, 4546.50
1055, 4559.59
1056, 4572.65
1057, 4585.55
1058, 4599.34
1059, 4612.34
1060, 4624.77
1061, 4637.60
1062, 4650.73
1063, 4663.75
1064, 4676.77
1065, 4690.02
1066, 4703.43
1067, 4715.71
1068, 4728.82
1069, 4741.82
1070, 4755.03
1071, 4767.97
1072, 4781.23
1073, 4794.74
1074, 4807.14
1075, 4820.03
1076, 4833.18
1077, 4846.25
1078, 4859.15
1079, 4873.14
1080, 4886.65
1081, 4898.56
1082, 4911.12
1083, 4924.50
1084, 4937.21
1085, 4950.23
1086, 4963.49
1087, 4976.55
1088, 4989.41
1089, 5002.82
1090, 5015.42
1091, 5028.70
1092, 5041.55
1093, 5054.48
1094, 5068.04
1095, 5081.28
1096, 5093.73
1097, 5106.73
1098, 5119.72
1099, 5132.58
1100, 5145.69
1101, 5159.42
1102, 5172.26
1103, 5184.80
1104, 5197.84
1105, 5210.69
1106, 5224.07
1107, 5236.89
1108, 5249.99
1109, 5263.46
1110, 5276.03
1111, 5288.86
1112, 5301.87
1113, 5315.15
1114, 5328.14
1115, 5340.98
1116, 5354.40
1117, 5367.04
1118, 5379.96
1119, 5393.06
1120, 5406.07
1121, 5419.26
1122, 5432.17
1123, 5446.33
1124, 5458.91
1125, 5471.50
1126, 5484.56
1127, 5497.29
1128, 5510.35
1129, 5523.76
1130, 5536.68
1131, 5549.35
1132, 5562.46
1133, 5575.54
1134, 5588.49
1135, 5601.84
1136, 5614.85
1137, 5628.02
1138, 5640.54
1139, 5653.80
1140, 5666.94
1141, 5679.59
1142, 5692.60
1143, 5706.13
1144, 5719.29
1145, 5731.61
1146, 5744.89
1147, 5757.66
1148, 5770.85
1149, 5783.85
1150, 5796.99
1151, 5810.34
1152, 5822.90
1153, 5836.22
1154, 5848.79
1155, 5862.78
1156, 5875.37
1157, 5888.07
1158, 5901.78
1159, 5913.99
1160, 5927.31
1161, 5940.05
1162, 5953.07
1163, 5966.14
1164, 5979.32
1165, 5992.34
1166, 6005.38
1167, 6018.53
1168, 6031.54
1169, 6044.52
1170, 6057.31
1171, 6071.61
1172, 6084.14
1173, 6096.76
1174, 6109.33
1175, 6122.58
1176, 6135.61
1177, 6148.48
1178, 6162.08
1179, 6174.57
1180, 6187.75
1181, 6200.71
1182, 6213.61
1183, 6226.81
1184, 6240.14
1185, 6253.01
1186, 6265.57
1187, 6278.77
1188, 6291.64
1189, 6304.72
1190, 6317.83
1191, 6331.37
1192, 6344.44
1193, 6356.74
1194, 6369.88
1195, 6382.95
1196, 6396.13
1197, 6409.09
1198, 6422.86
1199, 6435.38
1200, 6448.80
1201, 6461.06
1202, 6473.94
1203, 6487.27
1204, 6500.28
1205, 6513.56
1206, 6526.96
1207, 6539.48
1208, 6552.16
1209, 6565.76
1210, 6578.44
1211, 6591.64
1212, 6605.39
1213, 6618.07
1214, 6642.43
1215, 6668.21
1216, 6694.25
1217, 6720.62
1218, 6746.48
1219, 6772.80
1220, 6798.97
1221, 6825.92
1222, 6850.81
1223, 6876.50
1224, 6902.80
1225, 6928.62
1226, 6955.56
1227, 6982.49
1228, 7007.47
1229, 7033.15
1230, 7060.67
1231, 7085.22
1232, 7111.12
1233, 7137.79
1234, 7163.38
1235, 7193.79
1236, 7216.28
1237, 7241.63
1238, 7267.67
1239, 7294.31
1240, 7319.67
1241, 7346.83
1242, 7373.75
1243, 7397.92
1244, 7423.93
1245, 7450.16
1246, 7476.05
1247, 7502.37
1248, 7530.75
1249, 7556.35
1250, 7580.52
1251, 7606.74
1252, 7632.37
1253, 7658.68
1254, 7685.24
1255, 7712.27
1256, 7737.01
1257, 7762.64
1258, 7790.07
1259, 7814.16
1260, 7840.94
1261, 7867.23
1262, 7893.51
1263, 7924.98
1264, 7945.10
1265, 7971.38
1266, 7997.18
1267, 8023.83
1268, 8050.95
1269, 8074.74
1270, 8102.85
1271, 8127.58
1272, 8154.03
1273, 8180.61
1274, 8206.40
1275, 8231.21
1276, 8257.74
1277, 8283.41
1278, 8309.37
1279, 8335.41
1280, 8362.58
1281, 8388.74
1282, 8413.61
1283, 8439.83
1284, 8466.45
1285, 8492.01
1286, 8518.03
1287, 8544.38
1288, 8571.35
1289, 8595.59
1290, 8621.91
1291, 8647.77
1292, 8674.22
1293, 8700.70
1294, 8728.20
1295, 8753.58
1296, 8778.19
1297, 8804.08
1298, 8830.01
1299, 8857.04
1300, 8882.25
1301, 8908.76
1302, 8935.51
1303, 8960.31
1304, 8986.64
1305, 9014.43
1306, 9039.14
1307, 9064.71
1308, 9090.67
1309, 9117.23
1310, 9144.25
1311, 9168.59
1312, 9194.73
1313, 9221.16
1314, 9247.74
1315, 9273.82
1316, 9300.42
1317, 9325.70
1318, 9351.73
1319, 9377.02
1320, 9404.02
1321, 9430.38
1322, 9456.23
1323, 9481.55
1324, 9507.72
1325, 9533.69
1326, 9560.28
1327, 9585.59
1328, 9612.10
1329, 9638.58
1330, 9663.68
1331, 9698.40
1332, 9717.71
1333, 9742.22
1334, 9769.66
1335, 9796.00
1336, 9821.74
1337, 9846.22
1338, 9872.78
1339, 9898.32
1340, 9924.14
1341, 9951.51
1342, 9978.43
1343, 10002.61
1344, 10028.76
1345, 10054.86
1346, 10080.37
1347, 10106.76
1348, 10135.09
1349, 10162.99
1350, 10186.01
1351, 10211.47
1352, 10237.11
1353, 10263.05
1354, 10289.05
1355, 10315.86
1356, 10341.84
1357, 10367.33
1358, 10393.23
1359, 10419.03
1360, 10445.92
1361, 10472.54
1362, 10498.67
1363, 10523.61
1364, 10549.56
1365, 10575.57
1366, 10601.57
1367, 10627.60
1368, 10654.25
1369, 10680.00
1370, 10705.96
1371, 10732.34
1372, 10757.78
1373, 10783.97
1374, 10811.43
1375, 10836.53
1376, 10861.95
1377, 10894.64
1378, 10915.45
1379, 10950.15
1380, 10975.56
1381, 10993.61
1382, 11018.83
1383, 11044.64
1384, 11071.27
1385, 11096.47
1386, 11122.66
1387, 11149.25
1388, 11175.08
1389, 11200.58
1390, 11226.65
1391, 11252.86
1392, 11279.66
1393, 11304.93
1394, 11331.33
1395, 11357.67
1396, 11383.27
1397, 11409.23
1398, 11435.17
1399, 11461.08
1400, 11487.20
1401, 11513.45
1402, 11539.77
1403, 11565.78
1404, 11591.72
1405, 11617.53
1406, 11643.49
1407, 11669.53
1408, 11695.85
1409, 11722.40
1410, 11747.62
1411, 11773.92
1412, 11799.53
1413, 11826.64
1414, 11852.09
1415, 11878.38
1416, 11904.51
1417, 11930.03
1418, 11956.01
1419, 11981.96
1420, 12008.48
1421, 12034.09
1422, 12060.45
1423, 12087.45
1424, 12112.76
1425, 12138.57
1426, 12164.54
1427, 12190.31
1428, 12216.63
1429, 12243.31
1430, 12273.63
1431, 12298.04
1432, 12321.13
1433, 12346.84
1434, 12374.70
1435, 12399.28
1436, 12425.41
1437, 12451.99
1438, 12477.46
1439, 12503.14
1440, 12529.45
1441, 12555.48
1442, 12581.77
1443, 12607.86
1444, 12635.87
1445, 12661.79
1446, 12685.72
1447, 12711.78
1448, 12738.25
1449, 12765.18
1450, 12790.03
1451, 12816.55
1452, 12845.20
1453, 12867.91
1454, 12894.16
1455, 12920.68
1456, 12946.36
1457, 12972.48
1458, 12998.53
1459, 13025.47
1460, 13052.83
1461, 13076.45
1462, 13103.33
1463, 13128.51
1464, 13154.77
1465, 13180.54
1466, 13209.16
1467, 13234.97
1468, 13258.67
1469, 13284.83
1470, 13310.92
1471, 13337.04
1472, 13363.33
1473, 13389.70
1474, 13415.09
1475, 13440.97
1476, 13467.23
1477, 13493.24
1478, 13519.50
1479, 13545.53
1480, 13573.26
1481, 13599.52
1482, 13623.23
1483, 13649.55
1484, 13675.61
1485, 13701.64
1486, 13727.75
1487, 13754.36
1488, 13781.09
1489, 13805.56
1490, 13831.69
1491, 13857.67
1492, 13883.85
1493, 13909.92
1494, 13936.07
1495, 13963.80
1496, 13990.11
1497, 14014.11
1498, 14039.96
1499, 14067.65
